unit: MeV
spectrum:
0.005 0.000786062
0.015 0.000933371
0.025 0.00106879
0.035 0.00119275
0.045 0.00130567
0.055 0.00140799
0.065 0.00150014
0.075 0.00158254
0.085 0.00165562
0.095 0.00171981
0.105 0.00177554
0.115 0.00182324
0.125 0.00186334
0.135 0.00189627
0.145 0.00192244
0.155 0.00194231
0.165 0.00195628
0.175 0.0019648
0.185 0.00196829
0.195 0.00196718
0.205 0.00196189
0.215 0.00195286
0.225 0.00194052
0.235 0.00192529
0.245 0.0019076
0.255 0.00188789
0.265 0.00186658
0.275 0.00184409
0.285 0.00182086
0.295 0.00179732
0.305 0.0017739
0.315 0.00175102
0.325 0.00172911
0.335 0.00170861
0.345 0.00168984
0.355 0.0016728
0.365 0.00165738
0.375 0.00164347
0.385 0.00163095
0.395 0.00161974
0.405 0.0016097
0.415 0.00160075
0.425 0.00159278
0.435 0.00158567
0.445 0.00157931
0.455 0.00157361
0.465 0.00156846
0.475 0.00156374
0.485 0.00155935
0.495 0.00155518
0.505 0.00155113
0.515 0.00154708
0.525 0.00154294
0.535 0.00153859
0.545 0.00153393
0.555 0.00152886
0.565 0.00152339
0.575 0.00151754
0.585 0.00151131
0.595 0.00150473
0.605 0.00149781
0.615 0.00149057
0.625 0.00148303
0.635 0.00147519
0.645 0.00146709
0.655 0.00145873
0.665 0.00145013
0.675 0.0014413
0.685 0.00143228
0.695 0.00142306
0.705 0.00141367
0.715 0.00140412
0.725 0.00139443
0.735 0.00138462
0.745 0.00137471
0.755 0.0013647
0.765 0.00135462
0.775 0.00134449
0.785 0.00133434
0.795 0.00132418
0.805 0.00131405
0.815 0.00130396
0.825 0.00129394
0.835 0.00128401
0.845 0.0012742
0.855 0.00126454
0.865 0.00125503
0.875 0.00124572
0.885 0.00123661
0.895 0.00122775
0.905 0.00121914
0.915 0.00121082
0.925 0.0012028
0.935 0.00119512
0.945 0.00118779
0.955 0.00118085
0.965 0.0011743
0.975 0.00116819
0.985 0.00116251
0.995 0.00115724
1.005 0.00115234
1.015 0.00114777
1.025 0.00114349
1.035 0.00113946
1.045 0.00113563
1.055 0.00113196
1.065 0.00112843
1.075 0.00112497
1.085 0.00112156
1.095 0.00111815
1.105 0.0011147
1.115 0.00111118
1.125 0.00110753
1.135 0.00110372
1.145 0.00109971
1.155 0.00109546
1.165 0.00109093
1.175 0.00108607
1.185 0.00108084
1.195 0.00107523
1.205 0.00106926
1.215 0.00106299
1.225 0.00105647
1.235 0.00104976
1.245 0.00104289
1.255 0.00103593
1.265 0.00102893
1.275 0.00102193
1.285 0.001015
1.295 0.00100817
1.305 0.00100152
1.315 0.000995071
1.325 0.000988893
1.335 0.000983034
1.345 0.000977546
1.355 0.00097248
1.365 0.000967888
1.375 0.000963821
1.385 0.000960331
1.395 0.000957471
1.405 0.000955291
1.415 0.000953833
1.425 0.000953086
1.435 0.000953033
1.445 0.000953653
1.455 0.000954927
1.465 0.000956834
1.475 0.000959356
1.485 0.000962472
1.495 0.000966163
1.505 0.000970408
1.515 0.000975189
1.525 0.000980485
1.535 0.000986277
1.545 0.000992545
1.555 0.00099927
1.565 0.00100643
1.575 0.00101401
1.585 0.00102198
1.595 0.00103033
1.605 0.00103904
1.615 0.00104809
1.625 0.00105745
1.635 0.00106707
1.645 0.00107688
1.655 0.00108682
1.665 0.00109684
1.675 0.00110688
1.685 0.00111686
1.695 0.00112673
1.705 0.00113644
1.715 0.00114591
1.725 0.00115509
1.735 0.00116391
1.745 0.00117232
1.755 0.00118026
1.765 0.00118765
1.775 0.00119445
1.785 0.00120058
1.795 0.001206
1.805 0.00121064
1.815 0.00121443
1.825 0.00121731
1.835 0.00121926
1.845 0.00122032
1.855 0.00122056
1.865 0.00122007
1.875 0.00121893
1.885 0.0012172
1.895 0.00121498
1.905 0.00121232
1.915 0.00120932
1.925 0.00120605
1.935 0.00120258
1.945 0.00119899
1.955 0.00119537
1.965 0.00119178
1.975 0.0011883
1.985 0.00118502
1.995 0.001182
2.005 0.00117933
2.015 0.00117709
2.025 0.00117534
2.035 0.00117416
2.045 0.00117364
2.055 0.00117383
2.065 0.00117468
2.075 0.00117613
2.085 0.00117811
2.095 0.00118055
2.105 0.00118339
2.115 0.00118656
2.125 0.00118999
2.135 0.00119362
2.145 0.00119738
2.155 0.0012012
2.165 0.00120502
2.175 0.00120877
2.185 0.00121239
2.195 0.00121579
2.205 0.00121893
2.215 0.00122173
2.225 0.00122413
2.235 0.00122606
2.245 0.00122745
2.255 0.00122823
2.265 0.00122837
2.275 0.00122794
2.285 0.00122702
2.295 0.00122572
2.305 0.00122413
2.315 0.00122234
2.325 0.00122046
2.335 0.00121856
2.345 0.00121676
2.355 0.00121513
2.365 0.00121379
2.375 0.00121282
2.385 0.00121232
2.395 0.00121239
2.405 0.00121311
2.415 0.00121459
2.425 0.00121692
2.435 0.00122019
2.445 0.0012245
2.455 0.00122994
2.465 0.00123661
2.475 0.00124461
2.485 0.00125399
2.495 0.00126471
2.505 0.00127668
2.515 0.00128982
2.525 0.00130404
2.535 0.00131926
2.545 0.0013354
2.555 0.00135236
2.565 0.00137008
2.575 0.00138845
2.585 0.00140741
2.595 0.00142686
2.605 0.00144672
2.615 0.00146691
2.625 0.00148734
2.635 0.00150793
2.645 0.0015286
2.655 0.00154926
2.665 0.00156983
2.675 0.00159022
2.685 0.00161035
2.695 0.00163015
2.705 0.00164959
2.715 0.00166866
2.725 0.00168734
2.735 0.00170563
2.745 0.00172351
2.755 0.00174097
2.765 0.001758
2.775 0.00177457
2.785 0.00179069
2.795 0.00180632
2.805 0.00182148
2.815 0.00183613
2.825 0.00185027
2.835 0.00186388
2.845 0.00187695
2.855 0.00188947
2.865 0.00190143
2.875 0.0019128
2.885 0.00192359
2.895 0.00193377
2.905 0.00194334
2.915 0.00195227
2.925 0.00196059
2.935 0.0019683
2.945 0.00197541
2.955 0.00198192
2.965 0.00198786
2.975 0.00199323
2.985 0.00199804
2.995 0.0020023
3.005 0.00200602
3.015 0.00200922
3.025 0.00201189
3.035 0.00201406
3.045 0.00201572
3.055 0.0020169
3.065 0.00201761
3.075 0.00201784
3.085 0.00201762
3.095 0.00201694
3.105 0.00201584
3.115 0.0020143
3.125 0.00201235
3.135 0.00200998
3.145 0.0020072
3.155 0.002004
3.165 0.0020004
3.175 0.00199639
3.185 0.00199198
3.195 0.00198716
3.205 0.00198194
3.215 0.00197632
3.225 0.00197031
3.235 0.0019639
3.245 0.00195709
3.255 0.0019499
3.265 0.00194232
3.275 0.00193434
3.285 0.00192599
3.295 0.00191725
3.305 0.00190813
3.315 0.00189863
3.325 0.00188875
3.335 0.0018785
3.345 0.00186794
3.355 0.00185711
3.365 0.00184608
3.375 0.00183489
3.385 0.00182361
3.395 0.00181229
3.405 0.00180098
3.415 0.00178975
3.425 0.00177865
3.435 0.00176773
3.445 0.00175705
3.455 0.00174667
3.465 0.00173665
3.475 0.00172703
3.485 0.00171787
3.495 0.00170924
3.505 0.00170119
3.515 0.00169376
3.525 0.00168703
3.535 0.00168104
3.545 0.00167585
3.555 0.0016715
3.565 0.00166792
3.575 0.00166504
3.585 0.00166276
3.595 0.00166101
3.605 0.00165971
3.615 0.00165877
3.625 0.00165811
3.635 0.00165765
3.645 0.00165731
3.655 0.001657
3.665 0.00165664
3.675 0.00165615
3.685 0.00165544
3.695 0.00165445
3.705 0.00165307
3.715 0.00165123
3.725 0.00164886
3.735 0.00164585
3.745 0.00164214
3.755 0.00163764
3.765 0.0016323
3.775 0.00162617
3.785 0.00161933
3.795 0.00161188
3.805 0.0016039
3.815 0.00159546
3.825 0.00158667
3.835 0.00157759
3.845 0.00156831
3.855 0.00155893
3.865 0.00154952
3.875 0.00154016
3.885 0.00153095
3.895 0.00152197
3.905 0.0015133
3.915 0.00150502
3.925 0.00149722
3.935 0.00149
3.945 0.00148342
3.955 0.00147757
3.965 0.00147254
3.975 0.00146842
3.985 0.00146526
3.995 0.00146307
4.005 0.00146179
4.015 0.00146141
4.025 0.0014619
4.035 0.00146321
4.045 0.00146532
4.055 0.0014682
4.065 0.00147182
4.075 0.00147614
4.085 0.00148114
4.095 0.00148677
4.105 0.00149302
4.115 0.00149985
4.125 0.00150723
4.135 0.00151512
4.145 0.00152349
4.155 0.00153232
4.165 0.00154158
4.175 0.00155122
4.185 0.00156122
4.195 0.00157154
4.205 0.00158212
4.215 0.00159288
4.225 0.00160376
4.235 0.00161467
4.245 0.00162555
4.255 0.00163633
4.265 0.00164693
4.275 0.00165728
4.285 0.00166731
4.295 0.00167695
4.305 0.00168612
4.315 0.00169476
4.325 0.00170279
4.335 0.00171014
4.345 0.00171673
4.355 0.0017225
4.365 0.00172738
4.375 0.00173128
4.385 0.00173415
4.395 0.0017359
4.405 0.0017365
4.415 0.00173603
4.425 0.00173459
4.435 0.00173232
4.445 0.00172931
4.455 0.00172568
4.465 0.00172155
4.475 0.00171702
4.485 0.00171222
4.495 0.00170725
4.505 0.00170222
4.515 0.00169726
4.525 0.00169247
4.535 0.00168797
4.545 0.00168387
4.555 0.00168028
4.565 0.00167731
4.575 0.00167509
4.585 0.00167372
4.595 0.00167331
4.605 0.00167399
4.615 0.00167585
4.625 0.00167899
4.635 0.00168329
4.645 0.00168865
4.655 0.00169493
4.665 0.001702
4.675 0.00170973
4.685 0.00171799
4.695 0.00172666
4.705 0.00173561
4.715 0.00174471
4.725 0.00175382
4.735 0.00176283
4.745 0.0017716
4.755 0.00178
4.765 0.00178791
4.775 0.0017952
4.785 0.00180173
4.795 0.00180739
4.805 0.00181203
4.815 0.00181554
4.825 0.00181778
4.835 0.00181867
4.845 0.00181824
4.855 0.00181657
4.865 0.00181376
4.875 0.00180988
4.885 0.00180502
4.895 0.00179925
4.905 0.00179265
4.915 0.00178531
4.925 0.00177731
4.935 0.00176874
4.945 0.00175966
4.955 0.00175017
4.965 0.00174034
4.975 0.00173027
4.985 0.00172002
4.995 0.00170968
5.005 0.00169933
5.015 0.00168905
5.025 0.00167893
5.035 0.00166904
5.045 0.00165948
5.055 0.00165029
5.065 0.00164147
5.075 0.00163297
5.085 0.00162477
5.095 0.00161682
5.105 0.0016091
5.115 0.00160156
5.125 0.00159418
5.135 0.0015869
5.145 0.00157971
5.155 0.00157256
5.165 0.00156543
5.175 0.00155826
5.185 0.00155103
5.195 0.00154371
5.205 0.00153625
5.215 0.00152862
5.225 0.00152079
5.235 0.00151272
5.245 0.00150437
5.255 0.00149571
5.265 0.00148672
5.275 0.00147741
5.285 0.00146782
5.295 0.00145797
5.305 0.0014479
5.315 0.00143763
5.325 0.0014272
5.335 0.00141664
5.345 0.00140598
5.355 0.00139524
5.365 0.00138446
5.375 0.00137367
5.385 0.0013629
5.395 0.00135218
5.405 0.00134155
5.415 0.00133102
5.425 0.00132064
5.435 0.00131042
5.445 0.00130041
5.455 0.00129063
5.465 0.00128112
5.475 0.0012719
5.485 0.001263
5.495 0.0012544
5.505 0.00124609
5.515 0.00123805
5.525 0.00123026
5.535 0.0012227
5.545 0.00121536
5.555 0.00120821
5.565 0.00120123
5.575 0.00119442
5.585 0.00118774
5.595 0.00118118
5.605 0.00117473
5.615 0.00116835
5.625 0.00116205
5.635 0.00115578
5.645 0.00114955
5.655 0.00114332
5.665 0.00113709
5.675 0.00113082
5.685 0.00112451
5.695 0.00111814
5.705 0.00111172
5.715 0.00110525
5.725 0.00109875
5.735 0.00109222
5.745 0.00108568
5.755 0.00107914
5.765 0.00107262
5.775 0.00106611
5.785 0.00105963
5.795 0.0010532
5.805 0.00104681
5.815 0.00104049
5.825 0.00103425
5.835 0.00102809
5.845 0.00102202
5.855 0.00101606
5.865 0.00101022
5.875 0.00100451
5.885 0.00099893
5.895 0.000993503
5.905 0.000988239
5.915 0.000983163
5.925 0.000978306
5.935 0.000973695
5.945 0.000969362
5.955 0.000965333
5.965 0.000961639
5.975 0.00095831
5.985 0.000955372
5.995 0.000952858
6.005 0.000950794
6.015 0.00094921
6.025 0.000948137
6.035 0.000947601
6.045 0.000947634
6.055 0.000948264
6.065 0.000949519
6.075 0.00095143
6.085 0.000954025
6.095 0.000957334
6.105 0.000961386
6.115 0.000966209
6.125 0.000971813
6.135 0.000978129
6.145 0.000985065
6.155 0.000992533
6.165 0.00100044
6.175 0.0010087
6.185 0.00101722
6.195 0.00102592
6.205 0.00103469
6.215 0.00104346
6.225 0.00105212
6.235 0.0010606
6.245 0.0010688
6.255 0.00107664
6.265 0.00108401
6.275 0.00109084
6.285 0.00109702
6.295 0.00110248
6.305 0.00110713
6.315 0.00111086
6.325 0.0011136
6.335 0.00111527
6.345 0.00111591
6.355 0.00111558
6.365 0.00111433
6.375 0.00111221
6.385 0.00110929
6.395 0.00110562
6.405 0.00110126
6.415 0.00109626
6.425 0.00109068
6.435 0.00108457
6.445 0.001078
6.455 0.00107102
6.465 0.00106368
6.475 0.00105604
6.485 0.00104816
6.495 0.0010401
6.505 0.0010319
6.515 0.00102364
6.525 0.00101535
6.535 0.00100711
6.545 0.000998962
6.555 0.00099096
6.565 0.000983128
6.575 0.000975484
6.585 0.000968044
6.595 0.000960826
6.605 0.000953848
6.615 0.000947128
6.625 0.000940681
6.635 0.000934527
6.645 0.000928682
6.655 0.000923163
6.665 0.000917989
6.675 0.000913176
6.685 0.000908743
6.695 0.000904706
6.705 0.000901083
6.715 0.000897891
6.725 0.000895148
6.735 0.000892871
6.745 0.000891078
6.755 0.000889786
6.765 0.000889002
6.775 0.000888695
6.785 0.000888821
6.795 0.000889339
6.805 0.000890206
6.815 0.000891381
6.825 0.00089282
6.835 0.000894481
6.845 0.000896323
6.855 0.000898302
6.865 0.000900377
6.875 0.000902506
6.885 0.000904645
6.895 0.000906753
6.905 0.000908787
6.915 0.000910706
6.925 0.000912466
6.935 0.000914026
6.945 0.000915343
6.955 0.000916375
6.965 0.00091708
6.975 0.000917429
6.985 0.000917453
6.995 0.000917195
7.005 0.000916698
7.015 0.000916008
7.025 0.000915167
7.035 0.00091422
7.045 0.00091321
7.055 0.000912182
7.065 0.000911179
7.075 0.000910245
7.085 0.000909424
7.095 0.00090876
7.105 0.000908296
7.115 0.000908078
7.125 0.000908147
7.135 0.000908549
7.145 0.000909327
7.155 0.000910526
7.165 0.000912188
7.175 0.000914358
7.185 0.00091708
7.195 0.000920381
7.205 0.000924222
7.215 0.000928548
7.225 0.000933303
7.235 0.000938433
7.245 0.000943882
7.255 0.000949594
7.265 0.000955515
7.275 0.000961588
7.285 0.00096776
7.295 0.000973973
7.305 0.000980173
7.315 0.000986305
7.325 0.000992313
7.335 0.000998142
7.345 0.00100374
7.355 0.00100904
7.365 0.001014
7.375 0.00101856
7.385 0.00102266
7.395 0.00102626
7.405 0.0010293
7.415 0.00103179
7.425 0.00103377
7.435 0.00103525
7.445 0.00103626
7.455 0.00103683
7.465 0.00103697
7.475 0.00103671
7.485 0.00103607
7.495 0.00103508
7.505 0.00103377
7.515 0.00103215
7.525 0.00103025
7.535 0.00102809
7.545 0.0010257
7.555 0.00102309
7.565 0.00102031
7.575 0.00101736
7.585 0.00101427
7.595 0.00101107
7.605 0.00100778
7.615 0.00100442
7.625 0.00100102
7.635 0.000997567
7.645 0.000994073
7.655 0.000990534
7.665 0.000986949
7.675 0.000983316
7.685 0.000979635
7.695 0.000975905
7.705 0.000972125
7.715 0.000968294
7.725 0.000964412
7.735 0.000960476
7.745 0.000956487
7.755 0.000952444
7.765 0.000948345
7.775 0.00094419
7.785 0.000939977
7.795 0.000935707
7.805 0.000931378
7.815 0.000926989
7.825 0.000922539
7.835 0.000918024
7.845 0.000913429
7.855 0.000908736
7.865 0.000903924
7.875 0.000898977
7.885 0.000893874
7.895 0.000888598
7.905 0.00088313
7.915 0.000877451
7.925 0.000871542
7.935 0.000865386
7.945 0.000858962
7.955 0.000852253
7.965 0.00084524
7.975 0.000837905
7.985 0.000830228
7.995 0.00082219
8.005 0.000813774
8.015 0.000804961
8.025 0.000795732
8.035 0.000786068
8.045 0.00077596
8.055 0.000765437
8.065 0.000754536
8.075 0.000743294
8.085 0.00073175
8.095 0.00071994
8.105 0.000707904
8.115 0.000695677
8.125 0.000683299
8.135 0.000670806
8.145 0.000658237
8.155 0.000645628
8.165 0.000633019
8.175 0.000620445
8.185 0.000607946
8.195 0.000595558
8.205 0.000583319
8.215 0.000571267
8.225 0.00055944
8.235 0.000547875
8.245 0.000536611
8.255 0.000525683
8.265 0.000515122
8.275 0.000504919
8.285 0.000495056
8.295 0.000485516
8.305 0.000476282
8.315 0.000467336
8.325 0.000458661
8.335 0.000450239
8.345 0.000442054
8.355 0.000434087
8.365 0.000426322
8.375 0.00041874
8.385 0.000411325
8.395 0.00040406
8.405 0.000396925
8.415 0.000389906
8.425 0.000382983
8.435 0.00037614
8.445 0.000369359
8.455 0.000362623
8.465 0.000355914
8.475 0.000349221
8.485 0.000342549
8.495 0.000335912
8.505 0.000329321
8.515 0.000322789
8.525 0.000316328
8.535 0.000309951
8.545 0.000303668
8.555 0.000297493
8.565 0.000291438
8.575 0.000285514
8.585 0.000279735
8.595 0.000274112
8.605 0.000268657
8.615 0.000263383
8.625 0.000258302
8.635 0.000253426
8.645 0.000248766
8.655 0.000244337
8.665 0.000240148
8.675 0.000236214
8.685 0.000232545
8.695 0.000229151
8.705 0.000226022
8.715 0.000223146
8.725 0.00022051
8.735 0.000218102
8.745 0.00021591
8.755 0.000213921
8.765 0.000212122
8.775 0.0002105
8.785 0.000209044
8.795 0.00020774
8.805 0.000206577
8.815 0.000205541
8.825 0.00020462
8.835 0.000203801
8.845 0.000203072
8.855 0.000202421
8.865 0.000201835
8.875 0.0002013
8.885 0.000200806
8.895 0.000200338
8.905 0.000199889
8.915 0.000199462
8.925 0.000199066
8.935 0.000198708
8.945 0.000198397
8.955 0.000198141
8.965 0.000197947
8.975 0.000197824
8.985 0.000197779
8.995 0.000197821
9.005 0.000197957
9.015 0.000198196
9.025 0.000198545
9.035 0.000199013
9.045 0.000199607
9.055 0.000200336
9.065 0.000201208
9.075 0.000202229
9.085 0.000203409
9.095 0.000204756
9.105 0.000206277
9.115 0.000207981
9.125 0.000209872
9.135 0.000211946
9.145 0.000214196
9.155 0.000216614
9.165 0.000219193
9.175 0.000221924
9.185 0.000224802
9.195 0.000227817
9.205 0.000230964
9.215 0.000234234
9.225 0.00023762
9.235 0.000241114
9.245 0.00024471
9.255 0.000248398
9.265 0.000252174
9.275 0.000256027
9.285 0.000259952
9.295 0.000263941
9.305 0.000267986
9.315 0.00027208
9.325 0.000276216
9.335 0.000280383
9.345 0.000284566
9.355 0.000288743
9.365 0.000292897
9.375 0.000297008
9.385 0.000301056
9.395 0.000305022
9.405 0.000308888
9.415 0.000312633
9.425 0.000316239
9.435 0.000319686
9.445 0.000322954
9.455 0.000326026
9.465 0.00032888
9.475 0.000331499
9.485 0.000333862
9.495 0.000335951
9.505 0.000337746
9.515 0.000339228
9.525 0.000340378
9.535 0.000341176
9.545 0.000341609
9.555 0.000341692
9.565 0.000341445
9.575 0.000340889
9.585 0.000340044
9.595 0.00033893
9.605 0.000337568
9.615 0.000335979
9.625 0.000334183
9.635 0.0003322
9.645 0.000330051
9.655 0.000327757
9.665 0.000325338
9.675 0.000322815
9.685 0.000320207
9.695 0.000317537
9.705 0.000314823
9.715 0.000312086
9.725 0.000309348
9.735 0.000306628
9.745 0.000303947
9.755 0.000301326
9.765 0.000298781
9.775 0.000296309
9.785 0.000293906
9.795 0.000291564
9.805 0.000289279
9.815 0.000287044
9.825 0.000284853
9.835 0.0002827
9.845 0.00028058
9.855 0.000278486
9.865 0.000276412
9.875 0.000274352
9.885 0.000272301
9.895 0.000270252
9.905 0.000268199
9.915 0.000266137
9.925 0.000264059
9.935 0.000261959
9.945 0.000259833
9.955 0.000257672
9.965 0.000255472
9.975 0.000253228
9.985 0.000250943
9.995 0.000248619
10.005 0.00024626
10.015 0.000243871
10.025 0.000241454
10.035 0.000239013
10.045 0.000236551
10.055 0.000234073
10.065 0.000231582
10.075 0.000229082
10.085 0.000226575
10.095 0.000224066
10.105 0.000221559
10.115 0.000219056
10.125 0.000216562
10.135 0.00021408
10.145 0.000211613
10.155 0.000209166
10.165 0.000206742
10.175 0.000204344
10.185 0.000201976
10.195 0.00019964
10.205 0.000197333
10.215 0.000195048
10.225 0.000192781
10.235 0.000190527
10.245 0.000188279
10.255 0.000186033
10.265 0.000183783
10.275 0.000181524
10.285 0.00017925
10.295 0.000176957
10.305 0.000174638
10.315 0.000172289
10.325 0.000169904
10.335 0.000167478
10.345 0.000165005
10.355 0.00016248
10.365 0.000159898
10.375 0.000157253
10.385 0.000154541
10.395 0.000151755
10.405 0.000148892
10.415 0.000145955
10.425 0.000142949
10.435 0.000139879
10.445 0.000136749
10.455 0.000133564
10.465 0.000130329
10.475 0.000127049
10.485 0.000123727
10.495 0.00012037
10.505 0.000116982
10.515 0.000113567
10.525 0.000110131
10.535 0.000106677
10.545 0.000103212
10.555 9.97387e-05
10.565 9.6263e-05
10.575 9.27894e-05
10.585 8.93225e-05
10.595 8.58672e-05
10.605 8.24281e-05
10.615 7.90101e-05
10.625 7.56173e-05
10.635 7.22541e-05
10.645 6.89248e-05
10.655 6.56335e-05
10.665 6.23847e-05
10.675 5.91825e-05
10.685 5.60313e-05
10.695 5.29352e-05
10.705 4.98986e-05
10.715 4.69257e-05
10.725 4.40209e-05
10.735 4.11883e-05
10.745 3.84322e-05
10.755 3.5757e-05
10.765 3.31668e-05
10.775 3.0666e-05
10.785 2.82588e-05
10.795 2.59495e-05
10.805 2.37424e-05
10.815 2.16417e-05
10.825 1.96517e-05
10.835 1.77754e-05
10.845 1.60113e-05
10.855 1.43564e-05
10.865 1.2808e-05
10.875 1.13631e-05
10.885 1.00189e-05
10.895 8.77252e-06
10.905 7.62117e-06
10.915 6.56195e-06
10.925 5.59203e-06
10.935 4.70854e-06
10.945 3.90864e-06
10.955 3.18946e-06
10.965 2.54817e-06
10.975 1.9819e-06
10.985 1.48779e-06
10.995 1.06301e-06
