unit: MeV
spectrum:
0.005 0.00373083
0.015 0.00373083
0.025 0.00373083
0.035 0.00373051
0.045 0.00371767
0.055 0.00369409
0.065 0.00366136
0.075 0.00362094
0.085 0.00357414
0.095 0.00352214
0.105 0.00346602
0.115 0.00340673
0.125 0.0033451
0.135 0.00328193
0.145 0.00321785
0.155 0.00315346
0.165 0.00308927
0.175 0.00302574
0.185 0.00296323
0.195 0.00290207
0.205 0.00284254
0.215 0.00278484
0.225 0.00272918
0.235 0.00267568
0.245 0.00262444
0.255 0.00257555
0.265 0.00252904
0.275 0.00248495
0.285 0.00244325
0.295 0.00240393
0.305 0.00236694
0.315 0.00233223
0.325 0.00229974
0.335 0.00226938
0.345 0.00224105
0.355 0.00221468
0.365 0.00219015
0.375 0.00216735
0.385 0.00214618
0.395 0.00212652
0.405 0.00210826
0.415 0.0020913
0.425 0.0020755
0.435 0.00206075
0.445 0.00204696
0.455 0.00203403
0.465 0.00202181
0.475 0.00201024
0.485 0.00199922
0.495 0.00198863
0.505 0.0019784
0.515 0.00196846
0.525 0.00195872
0.535 0.0019491
0.545 0.00193952
0.555 0.00192995
0.565 0.0019203
0.575 0.00191053
0.585 0.0019006
0.595 0.00189046
0.605 0.00188006
0.615 0.00186939
0.625 0.00185841
0.635 0.00184708
0.645 0.00183539
0.655 0.00182335
0.665 0.00181091
0.675 0.00179808
0.685 0.00178486
0.695 0.00177124
0.705 0.00175723
0.715 0.00174283
0.725 0.00172806
0.735 0.00171291
0.745 0.00169742
0.755 0.00168159
0.765 0.00166543
0.775 0.00164899
0.785 0.00163226
0.795 0.00161529
0.805 0.00159808
0.815 0.00158068
0.825 0.0015631
0.835 0.00154536
0.845 0.00152752
0.855 0.00150958
0.865 0.00149158
0.875 0.00147356
0.885 0.00145553
0.895 0.00143753
0.905 0.00141958
0.915 0.00140172
0.925 0.00138397
0.935 0.00136638
0.945 0.00134894
0.955 0.00133171
0.965 0.0013147
0.975 0.00129794
0.985 0.00128144
0.995 0.00126525
1.005 0.00124936
1.015 0.00123381
1.025 0.00121863
1.035 0.00120383
1.045 0.00118941
1.055 0.0011754
1.065 0.00116182
1.075 0.00114867
1.085 0.00113598
1.095 0.00112374
1.105 0.00111198
1.115 0.0011007
1.125 0.0010899
1.135 0.0010796
1.145 0.00106979
1.155 0.00106049
1.165 0.00105168
1.175 0.00104338
1.185 0.00103559
1.195 0.0010283
1.205 0.0010215
1.215 0.0010152
1.225 0.0010094
1.235 0.00100408
1.245 0.000999238
1.255 0.00099487
1.265 0.000990966
1.275 0.000987517
1.285 0.000984514
1.295 0.000981945
1.305 0.000979799
1.315 0.000978065
1.325 0.000976731
1.335 0.000975781
1.345 0.000975204
1.355 0.000974987
1.365 0.000975112
1.375 0.000975569
1.385 0.00097634
1.395 0.00097741
1.405 0.000978764
1.415 0.000980387
1.425 0.000982263
1.435 0.000984375
1.445 0.000986708
1.455 0.000989248
1.465 0.000991977
1.475 0.00099488
1.485 0.000997942
1.495 0.00100115
1.505 0.00100448
1.515 0.00100793
1.525 0.00101147
1.535 0.0010151
1.545 0.0010188
1.555 0.00102256
1.565 0.00102636
1.575 0.00103019
1.585 0.00103403
1.595 0.00103789
1.605 0.00104174
1.615 0.00104557
1.625 0.00104937
1.635 0.00105314
1.645 0.00105686
1.655 0.00106053
1.665 0.00106413
1.675 0.00106766
1.685 0.00107111
1.695 0.00107447
1.705 0.00107774
1.715 0.00108092
1.725 0.00108399
1.735 0.00108695
1.745 0.00108981
1.755 0.00109255
1.765 0.00109517
1.775 0.00109767
1.785 0.00110006
1.795 0.00110232
1.805 0.00110446
1.815 0.00110648
1.825 0.00110837
1.835 0.00111015
1.845 0.00111181
1.855 0.00111335
1.865 0.00111478
1.875 0.0011161
1.885 0.00111731
1.895 0.00111841
1.905 0.00111942
1.915 0.00112033
1.925 0.00112115
1.935 0.00112189
1.945 0.00112255
1.955 0.00112313
1.965 0.00112365
1.975 0.00112411
1.985 0.00112452
1.995 0.00112488
2.005 0.0011252
2.015 0.00112549
2.025 0.00112576
2.035 0.00112601
2.045 0.00112626
2.055 0.0011265
2.065 0.00112676
2.075 0.00112702
2.085 0.00112732
2.095 0.00112764
2.105 0.00112801
2.115 0.00112843
2.125 0.0011289
2.135 0.00112944
2.145 0.00113006
2.155 0.00113075
2.165 0.00113154
2.175 0.00113242
2.185 0.00113341
2.195 0.00113451
2.205 0.00113572
2.215 0.00113707
2.225 0.00113855
2.235 0.00114017
2.245 0.00114194
2.255 0.00114385
2.265 0.00114593
2.275 0.00114818
2.285 0.00115059
2.295 0.00115318
2.305 0.00115594
2.315 0.0011589
2.325 0.00116204
2.335 0.00116537
2.345 0.0011689
2.355 0.00117263
2.365 0.00117656
2.375 0.00118069
2.385 0.00118504
2.395 0.00118958
2.405 0.00119435
2.415 0.00119931
2.425 0.00120451
2.435 0.0012099
2.445 0.00121551
2.455 0.00122133
2.465 0.00122735
2.475 0.0012336
2.485 0.00124005
2.495 0.0012467
2.505 0.00125356
2.515 0.00126063
2.525 0.00126788
2.535 0.00127534
2.545 0.001283
2.555 0.00129084
2.565 0.00129886
2.575 0.00130706
2.585 0.00131545
2.595 0.00132399
2.605 0.00133271
2.615 0.00134159
2.625 0.00135062
2.635 0.0013598
2.645 0.00136911
2.655 0.00137857
2.665 0.00138814
2.675 0.00139785
2.685 0.00140766
2.695 0.00141758
2.705 0.0014276
2.715 0.00143771
2.725 0.00144789
2.735 0.00145815
2.745 0.00146849
2.755 0.00147887
2.765 0.0014893
2.775 0.00149978
2.785 0.00151028
2.795 0.00152081
2.805 0.00153135
2.815 0.00154189
2.825 0.00155244
2.835 0.00156297
2.845 0.00157348
2.855 0.00158395
2.865 0.00159439
2.875 0.00160477
2.885 0.0016151
2.895 0.00162536
2.905 0.00163555
2.915 0.00164565
2.925 0.00165565
2.935 0.00166556
2.945 0.00167536
2.955 0.00168504
2.965 0.0016946
2.975 0.00170402
2.985 0.00171329
2.995 0.00172243
3.005 0.0017314
3.015 0.0017402
3.025 0.00174884
3.035 0.0017573
3.045 0.00176557
3.055 0.00177364
3.065 0.00178153
3.075 0.00178921
3.085 0.00179668
3.095 0.00180393
3.105 0.00181096
3.115 0.00181777
3.125 0.00182433
3.135 0.00183068
3.145 0.00183678
3.155 0.00184264
3.165 0.00184825
3.175 0.00185361
3.185 0.00185871
3.195 0.00186356
3.205 0.00186816
3.215 0.00187248
3.225 0.00187656
3.235 0.00188036
3.245 0.00188389
3.255 0.00188717
3.265 0.00189017
3.275 0.0018929
3.285 0.00189536
3.295 0.00189756
3.305 0.0018995
3.315 0.00190116
3.325 0.00190255
3.335 0.00190369
3.345 0.00190456
3.355 0.00190516
3.365 0.00190552
3.375 0.00190562
3.385 0.00190545
3.395 0.00190505
3.405 0.00190439
3.415 0.00190349
3.425 0.00190235
3.435 0.00190097
3.445 0.00189937
3.455 0.00189753
3.465 0.00189547
3.475 0.00189319
3.485 0.00189071
3.495 0.00188801
3.505 0.00188511
3.515 0.00188202
3.525 0.00187874
3.535 0.00187528
3.545 0.00187163
3.555 0.00186781
3.565 0.00186384
3.575 0.0018597
3.585 0.00185541
3.595 0.00185098
3.605 0.00184641
3.615 0.00184171
3.625 0.00183689
3.635 0.00183195
3.645 0.0018269
3.655 0.00182176
3.665 0.00181652
3.675 0.0018112
3.685 0.00180579
3.695 0.00180031
3.705 0.00179478
3.715 0.00178918
3.725 0.00178355
3.735 0.00177787
3.745 0.00177216
3.755 0.00176643
3.765 0.00176067
3.775 0.00175492
3.785 0.00174916
3.795 0.0017434
3.805 0.00173766
3.815 0.00173193
3.825 0.00172624
3.835 0.00172058
3.845 0.00171496
3.855 0.00170939
3.865 0.00170387
3.875 0.00169842
3.885 0.00169303
3.895 0.00168772
3.905 0.00168249
3.915 0.00167735
3.925 0.0016723
3.935 0.00166734
3.945 0.0016625
3.955 0.00165776
3.965 0.00165312
3.975 0.00164862
3.985 0.00164424
3.995 0.00163998
4.005 0.00163586
4.015 0.00163188
4.025 0.00162804
4.035 0.00162435
4.045 0.0016208
4.055 0.0016174
4.065 0.00161417
4.075 0.00161108
4.085 0.00160816
4.095 0.0016054
4.105 0.00160281
4.115 0.00160038
4.125 0.00159812
4.135 0.00159604
4.145 0.00159412
4.155 0.00159238
4.165 0.00159081
4.175 0.00158941
4.185 0.00158819
4.195 0.00158714
4.205 0.00158628
4.215 0.00158557
4.225 0.00158505
4.235 0.0015847
4.245 0.0015845
4.255 0.00158449
4.265 0.00158465
4.275 0.00158497
4.285 0.00158546
4.295 0.00158611
4.305 0.00158692
4.315 0.00158788
4.325 0.00158901
4.335 0.00159028
4.345 0.00159169
4.355 0.00159326
4.365 0.00159497
4.375 0.00159681
4.385 0.0015988
4.395 0.0016009
4.405 0.00160313
4.415 0.00160548
4.425 0.00160797
4.435 0.00161055
4.445 0.00161324
4.455 0.00161603
4.465 0.00161892
4.475 0.0016219
4.485 0.00162498
4.495 0.00162813
4.505 0.00163135
4.515 0.00163465
4.525 0.00163801
4.535 0.00164143
4.545 0.0016449
4.555 0.00164842
4.565 0.00165198
4.575 0.00165558
4.585 0.00165921
4.595 0.00166285
4.605 0.00166651
4.615 0.00167018
4.625 0.00167387
4.635 0.00167755
4.645 0.00168121
4.655 0.00168487
4.665 0.0016885
4.675 0.0016921
4.685 0.00169568
4.695 0.00169922
4.705 0.00170271
4.715 0.00170615
4.725 0.00170954
4.735 0.00171285
4.745 0.00171611
4.755 0.00171929
4.765 0.00172239
4.775 0.00172541
4.785 0.00172833
4.795 0.00173116
4.805 0.00173389
4.815 0.00173651
4.825 0.00173901
4.835 0.00174141
4.845 0.00174368
4.855 0.00174583
4.865 0.00174784
4.875 0.00174972
4.885 0.00175146
4.895 0.00175306
4.905 0.00175451
4.915 0.0017558
4.925 0.00175694
4.935 0.00175793
4.945 0.00175875
4.955 0.00175941
4.965 0.0017599
4.975 0.00176022
4.985 0.00176036
4.995 0.00176033
5.005 0.00176012
5.015 0.00175973
5.025 0.00175915
5.035 0.0017584
5.045 0.00175745
5.055 0.00175632
5.065 0.001755
5.075 0.0017535
5.085 0.0017518
5.095 0.00174991
5.105 0.00174782
5.115 0.00174555
5.125 0.00174308
5.135 0.00174043
5.145 0.00173758
5.155 0.00173454
5.165 0.0017313
5.175 0.00172787
5.185 0.00172427
5.195 0.00172047
5.205 0.00171649
5.215 0.00171231
5.225 0.00170796
5.235 0.00170342
5.245 0.00169871
5.255 0.00169382
5.265 0.00168875
5.275 0.00168351
5.285 0.00167811
5.295 0.00167253
5.305 0.0016668
5.315 0.00166089
5.325 0.00165483
5.335 0.00164862
5.345 0.00164225
5.355 0.00163574
5.365 0.00162908
5.375 0.00162228
5.385 0.00161536
5.395 0.00160829
5.405 0.00160109
5.415 0.00159378
5.425 0.00158635
5.435 0.00157879
5.445 0.00157113
5.455 0.00156336
5.465 0.00155548
5.475 0.00154751
5.485 0.00153946
5.495 0.00153131
5.505 0.00152307
5.515 0.00151477
5.525 0.00150638
5.535 0.00149794
5.545 0.00148942
5.555 0.00148085
5.565 0.00147223
5.575 0.00146356
5.585 0.00145484
5.595 0.00144608
5.605 0.0014373
5.615 0.00142849
5.625 0.00141964
5.635 0.00141079
5.645 0.00140191
5.655 0.00139304
5.665 0.00138415
5.675 0.00137528
5.685 0.0013664
5.695 0.00135753
5.705 0.00134869
5.715 0.00133985
5.725 0.00133105
5.735 0.00132227
5.745 0.00131353
5.755 0.00130483
5.765 0.00129616
5.775 0.00128755
5.785 0.00127898
5.795 0.00127046
5.805 0.001262
5.815 0.00125362
5.825 0.00124529
5.835 0.00123702
5.845 0.00122884
5.855 0.00122072
5.865 0.00121269
5.875 0.00120473
5.885 0.00119687
5.895 0.00118909
5.905 0.0011814
5.915 0.00117381
5.925 0.00116631
5.935 0.0011589
5.945 0.0011516
5.955 0.0011444
5.965 0.00113731
5.975 0.00113032
5.985 0.00112344
5.995 0.00111667
6.005 0.00111001
6.015 0.00110347
6.025 0.00109703
6.035 0.00109072
6.045 0.00108451
6.055 0.00107843
6.065 0.00107246
6.075 0.00106661
6.085 0.00106088
6.095 0.00105527
6.105 0.00104978
6.115 0.0010444
6.125 0.00103915
6.135 0.00103401
6.145 0.00102899
6.155 0.00102409
6.165 0.00101931
6.175 0.00101465
6.185 0.0010101
6.195 0.00100566
6.205 0.00100134
6.215 0.000997145
6.225 0.000993052
6.235 0.000989068
6.245 0.000985199
6.255 0.00098144
6.265 0.000977776
6.275 0.000974233
6.285 0.000970787
6.295 0.000967445
6.305 0.000964202
6.315 0.000961056
6.325 0.000958004
6.335 0.000955058
6.345 0.0009522
6.355 0.000949424
6.365 0.000946749
6.375 0.000944147
6.385 0.000941645
6.395 0.000939213
6.405 0.00093686
6.415 0.00093459
6.425 0.000932396
6.435 0.000930271
6.445 0.000928221
6.455 0.000926229
6.465 0.000924314
6.475 0.000922453
6.485 0.000920661
6.495 0.000918923
6.505 0.000917239
6.515 0.000915603
6.525 0.00091403
6.535 0.000912501
6.545 0.000911027
6.555 0.000909576
6.565 0.000908185
6.575 0.000906837
6.585 0.000905511
6.595 0.000904232
6.605 0.000902977
6.615 0.000901764
6.625 0.000900564
6.635 0.00089941
6.645 0.00089827
6.655 0.000897162
6.665 0.000896076
6.675 0.000894993
6.685 0.000893945
6.695 0.000892902
6.705 0.000891872
6.715 0.000890872
6.725 0.000889863
6.735 0.000888877
6.745 0.000887898
6.755 0.000886921
6.765 0.000885962
6.775 0.000885002
6.785 0.000884043
6.795 0.000883082
6.805 0.00088214
6.815 0.000881189
6.825 0.000880231
6.835 0.000879297
6.845 0.000878359
6.855 0.000877394
6.865 0.000876447
6.875 0.000875509
6.885 0.000874529
6.895 0.000873598
6.905 0.000872625
6.915 0.000871681
6.925 0.000870689
6.935 0.000869753
6.945 0.000868766
6.955 0.000867821
6.965 0.000866845
6.975 0.00086585
6.985 0.000864871
6.995 0.000863891
7.005 0.000862919
7.015 0.000861955
7.025 0.000860965
7.035 0.000860002
7.045 0.000858992
7.055 0.000858044
7.065 0.000857062
7.075 0.000856085
7.085 0.000855111
7.095 0.00085417
7.105 0.000853201
7.115 0.000852237
7.125 0.000851319
7.135 0.000850388
7.145 0.000849491
7.155 0.00084853
7.165 0.000847618
7.175 0.00084675
7.185 0.000845859
7.195 0.000844964
7.205 0.000844138
7.215 0.000843283
7.225 0.000842468
7.235 0.000841672
7.245 0.000840882
7.255 0.000840104
7.265 0.000839339
7.275 0.000838575
7.285 0.000837885
7.295 0.000837175
7.305 0.000836494
7.315 0.000835866
7.325 0.000835204
7.335 0.000834591
7.345 0.000833982
7.355 0.000833409
7.365 0.000832886
7.375 0.000832324
7.385 0.000831843
7.395 0.000831322
7.405 0.000830863
7.415 0.000830421
7.425 0.000829973
7.435 0.000829567
7.445 0.000829181
7.455 0.000828828
7.465 0.000828466
7.475 0.000828103
7.485 0.000827804
7.495 0.000827481
7.505 0.000827192
7.515 0.000826883
7.525 0.000826642
7.535 0.000826377
7.545 0.000826122
7.555 0.000825857
7.565 0.000825623
7.575 0.000825397
7.585 0.000825248
7.595 0.000824914
7.605 0.000824775
7.615 0.000824424
7.625 0.000824212
7.635 0.000823986
7.645 0.000823692
7.655 0.000823467
7.665 0.000823119
7.675 0.000822721
7.685 0.000822482
7.695 0.000822109
7.705 0.000821731
7.715 0.000821259
7.725 0.000820787
7.735 0.00082032
7.745 0.000819814
7.755 0.000819179
7.765 0.000818456
7.775 0.000817844
7.785 0.000817096
7.795 0.00081633
7.805 0.000815476
7.815 0.000814526
7.825 0.000813608
7.835 0.000812497
7.845 0.000811429
7.855 0.000810248
7.865 0.000808934
7.875 0.00080763
7.885 0.00080616
7.895 0.000804546
7.905 0.000802899
7.915 0.000801164
7.925 0.000799325
7.935 0.000797434
7.945 0.00079536
7.955 0.000793268
7.965 0.000791002
7.975 0.000788546
7.985 0.000786076
7.995 0.000783383
8.005 0.000780603
8.015 0.000777733
8.025 0.000774735
8.035 0.000771542
8.045 0.000768234
8.055 0.000764974
8.065 0.000761417
8.075 0.000757682
8.085 0.000753761
8.095 0.000749665
8.105 0.000745664
8.115 0.000741379
8.125 0.000737065
8.135 0.000732477
8.145 0.000727791
8.155 0.000722777
8.165 0.000717816
8.175 0.000712672
8.185 0.000707345
8.195 0.000701782
8.205 0.000696123
8.215 0.0006904
8.225 0.000684479
8.235 0.000678337
8.245 0.00067229
8.255 0.000665773
8.265 0.000659192
8.275 0.000652594
8.285 0.00064593
8.295 0.000638746
8.305 0.000631891
8.315 0.000624521
8.325 0.000617258
8.335 0.000609981
8.345 0.000602379
8.355 0.000594447
8.365 0.000586684
8.375 0.000578657
8.385 0.000570651
8.395 0.000562763
8.405 0.000554441
8.415 0.000546092
8.425 0.000537702
8.435 0.000529252
8.445 0.00052074
8.455 0.000511878
8.465 0.000503203
8.475 0.000494494
8.485 0.000485613
8.495 0.000476866
8.505 0.00046807
8.515 0.000459167
8.525 0.000449927
8.535 0.000441104
8.545 0.000431882
8.555 0.000423165
8.565 0.000414069
8.575 0.000405105
8.585 0.00039624
8.595 0.000387142
8.605 0.000378269
8.615 0.000369469
8.625 0.000360524
8.635 0.000352076
8.645 0.000343264
8.655 0.000334334
8.665 0.000326131
8.675 0.000317677
8.685 0.000309106
8.695 0.000301142
8.705 0.000292935
8.715 0.000284638
8.725 0.000276999
8.735 0.000268953
8.745 0.000261528
8.755 0.000254164
8.765 0.000246687
8.775 0.000239726
8.785 0.000232687
8.795 0.00022615
8.805 0.000219274
8.815 0.000212975
8.825 0.000206779
8.835 0.00020079
8.845 0.000195059
8.855 0.000189526
8.865 0.000183865
8.875 0.000178997
8.885 0.000173905
8.895 0.000169593
8.905 0.000165116
8.915 0.000160853
8.925 0.000156914
8.935 0.000153243
8.945 0.000149779
8.955 0.000146849
8.965 0.000143929
8.975 0.000141168
8.985 0.000138903
8.995 0.000136796
9.005 0.000134849
9.015 0.000133413
9.025 0.000131658
9.035 0.000130607
9.045 0.00013056
9.055 0.000129808
9.065 0.000129658
9.075 0.000129512
9.085 0.000129777
9.095 0.000129924
9.105 0.000131521
9.115 0.000131663
9.125 0.000133334
9.135 0.000134536
9.145 0.000136278
9.155 0.000138293
9.165 0.000140702
9.175 0.000142851
9.185 0.000146381
9.195 0.000148395
9.205 0.000151395
9.215 0.000154982
9.225 0.000158263
9.235 0.000162005
9.245 0.000165583
9.255 0.000169382
9.265 0.000173789
9.275 0.000177655
9.285 0.000182251
9.295 0.000186461
9.305 0.000191226
9.315 0.000195493
9.325 0.000200499
9.335 0.0002054
9.345 0.000209731
9.355 0.000214637
9.365 0.000220409
9.375 0.000225643
9.385 0.000230124
9.395 0.000236598
9.405 0.000241436
9.415 0.000245549
9.425 0.000251708
9.435 0.000256573
9.445 0.000261666
9.455 0.000265326
9.465 0.000271057
9.475 0.000276487
9.485 0.000281936
9.495 0.000285806
9.505 0.00029086
9.515 0.000294415
9.525 0.000298974
9.535 0.000303263
9.545 0.000307722
9.555 0.000311219
9.565 0.00031666
9.575 0.000319882
9.585 0.000323162
9.595 0.000326618
9.605 0.000329592
9.615 0.000332619
9.625 0.000335759
9.635 0.000339638
9.645 0.000341344
9.655 0.000343733
9.665 0.000346028
9.675 0.00034609
9.685 0.000349437
9.695 0.000349632
9.705 0.000351398
9.715 0.000353687
9.725 0.000353449
9.735 0.000353787
9.745 0.000355278
9.755 0.000354409
9.765 0.000355212
9.775 0.000355489
9.785 0.000354333
9.795 0.000354049
9.805 0.000353605
9.815 0.000351486
9.825 0.000352761
9.835 0.000349113
9.845 0.000347605
9.855 0.000346772
9.865 0.000344151
9.875 0.000343288
9.885 0.000339567
9.895 0.000338425
9.905 0.000336627
9.915 0.000334295
9.925 0.000329703
9.935 0.000328549
9.945 0.00032614
9.955 0.000322407
9.965 0.000320221
9.975 0.000316251
9.985 0.000313611
9.995 0.000310125
10.005 0.000308061
10.015 0.000305389
10.025 0.000301658
10.035 0.000297806
10.045 0.00029343
10.055 0.00029305
10.065 0.000289079
10.075 0.000286035
10.085 0.000280223
10.095 0.000278054
10.105 0.000277568
10.115 0.000272398
10.125 0.000267611
10.135 0.000269279
10.145 0.000263183
10.155 0.000265099
10.165 0.000261154
10.175 0.000255816
10.185 0.00025384
10.195 0.00024917
10.205 0.000249179
10.215 0.000243996
10.225 0.000244424
10.235 0.000241612
10.245 0.000241949
10.255 0.000235994
10.265 0.000237858
10.275 0.000236067
10.285 0.000230807
10.295 0.000230534
10.305 0.000227162
10.315 0.000223634
10.325 0.000222206
10.335 0.000219831
10.345 0.000217885
10.355 0.000216754
10.365 0.000217737
10.375 0.000214214
10.385 0.000209681
10.395 0.000206984
10.405 0.000201514
10.415 0.000200467
10.425 0.000197331
10.435 0.000196664
10.445 0.00019095
10.455 0.000189345
10.465 0.000180919
10.475 0.000177117
10.485 0.000178787
10.495 0.000173068
10.505 0.000163785
10.515 0.000158799
10.525 0.00015703
10.535 0.000148443
10.545 0.000143564
10.555 0.0001356
10.565 0.00013549
10.575 0.000125392
10.585 0.000120596
10.595 0.000114039
10.605 0.000106732
10.615 0.000107688
10.625 9.04806e-05
10.635 8.34144e-05
10.645 8.51093e-05
10.655 7.72187e-05
10.665 6.01665e-05
10.675 6.12428e-05
10.685 5.31656e-05
10.695 4.70673e-05
10.705 3.61504e-05
10.715 3.52633e-05
10.725 3.2716e-05
10.735 2.44677e-05
10.745 1.66846e-05
10.755 1.86034e-05
10.765 7.64445e-06
10.775 8.29412e-06
10.785 9.75356e-06
10.795 1.43087e-06
10.805 4.27375e-06
10.815 -2.87452e-06
10.825 6.76299e-06
10.835 1.0299e-05
10.845 5.31603e-06
10.855 3.90621e-06
10.865 2.00235e-05
10.875 2.22176e-05
10.885 1.97703e-05
10.895 2.83221e-05
10.905 3.38923e-05
10.915 3.61016e-05
10.925 4.99806e-05
10.935 4.71376e-05
10.945 4.88142e-05
10.955 5.69044e-05
10.965 5.69215e-05
10.975 5.43415e-05
10.985 4.1102e-05
10.995 4.11019e-05
