unit: MeV
spectrum:
0.005 0
0.015 3.16115e-05
0.025 6.32521e-05
0.035 9.49082e-05
0.045 0.000126566
0.055 0.000158213
0.065 0.000189834
0.075 0.000221416
0.085 0.000252946
0.095 0.00028441
0.105 0.000315794
0.115 0.000347085
0.125 0.000378269
0.135 0.000409333
0.145 0.000440263
0.155 0.000471045
0.165 0.000501666
0.175 0.000532113
0.185 0.000562371
0.195 0.000592427
0.205 0.000622267
0.215 0.000651879
0.225 0.000681247
0.235 0.00071036
0.245 0.000739202
0.255 0.000767761
0.265 0.000796024
0.275 0.000823975
0.285 0.000851602
0.295 0.000878891
0.305 0.000905829
0.315 0.000932402
0.325 0.000958596
0.335 0.000984398
0.345 0.00100979
0.355 0.00103477
0.365 0.00105931
0.375 0.00108341
0.385 0.00110705
0.395 0.00113021
0.405 0.00115289
0.415 0.00117506
0.425 0.00119672
0.435 0.00121786
0.445 0.00123845
0.455 0.00125848
0.465 0.00127795
0.475 0.00129683
0.485 0.00131512
0.495 0.0013328
0.505 0.00134986
0.515 0.00136627
0.525 0.00138204
0.535 0.00139715
0.545 0.00141157
0.555 0.00142531
0.565 0.00143834
0.575 0.00145065
0.585 0.00146223
0.595 0.00147306
0.605 0.00148314
0.615 0.00149244
0.625 0.00150096
0.635 0.00150867
0.645 0.00151558
0.655 0.00152165
0.665 0.00152689
0.675 0.00153127
0.685 0.00153478
0.695 0.00153741
0.705 0.00153915
0.715 0.00153997
0.725 0.00153988
0.735 0.00153885
0.745 0.00153687
0.755 0.00153393
0.765 0.00153002
0.775 0.00152522
0.785 0.0015196
0.795 0.00151325
0.805 0.00150623
0.815 0.00149863
0.825 0.00149054
0.835 0.00148202
0.845 0.00147316
0.855 0.00146404
0.865 0.00145474
0.875 0.00144534
0.885 0.00143591
0.895 0.00142654
0.905 0.0014173
0.915 0.00140828
0.925 0.00139955
0.935 0.0013912
0.945 0.0013833
0.955 0.00137593
0.965 0.00136917
0.975 0.00136311
0.985 0.00135781
0.995 0.00135337
1.005 0.00134986
1.015 0.00134732
1.025 0.00134573
1.035 0.001345
1.045 0.00134506
1.055 0.00134583
1.065 0.00134725
1.075 0.00134923
1.085 0.00135171
1.095 0.00135462
1.105 0.00135788
1.115 0.00136141
1.125 0.00136515
1.135 0.00136901
1.145 0.00137294
1.155 0.00137685
1.165 0.00138067
1.175 0.00138432
1.185 0.00138774
1.195 0.00139086
1.205 0.00139359
1.215 0.00139586
1.225 0.00139761
1.235 0.00139875
1.245 0.00139922
1.255 0.00139894
1.265 0.00139786
1.275 0.001396
1.285 0.00139339
1.295 0.00139008
1.305 0.0013861
1.315 0.0013815
1.325 0.00137631
1.335 0.00137057
1.345 0.00136433
1.355 0.00135761
1.365 0.00135047
1.375 0.00134293
1.385 0.00133504
1.395 0.00132684
1.405 0.00131836
1.415 0.00130965
1.425 0.00130075
1.435 0.00129168
1.445 0.0012825
1.455 0.00127324
1.465 0.00126395
1.475 0.00125465
1.485 0.00124539
1.495 0.00123621
1.505 0.00122714
1.515 0.00121823
1.525 0.0012095
1.535 0.00120099
1.545 0.00119271
1.555 0.00118469
1.565 0.00117696
1.575 0.00116956
1.585 0.00116249
1.595 0.0011558
1.605 0.00114951
1.615 0.00114364
1.625 0.00113823
1.635 0.00113329
1.645 0.00112886
1.655 0.00112497
1.665 0.00112163
1.675 0.00111888
1.685 0.00111675
1.695 0.00111526
1.705 0.00111443
1.715 0.0011143
1.725 0.00111489
1.735 0.00111623
1.745 0.00111835
1.755 0.00112127
1.765 0.00112502
1.775 0.00112962
1.785 0.00113511
1.795 0.00114151
1.805 0.00114885
1.815 0.00115715
1.825 0.00116644
1.835 0.00117675
1.845 0.00118811
1.855 0.00120054
1.865 0.00121406
1.875 0.00122872
1.885 0.00124452
1.895 0.00126151
1.905 0.0012797
1.915 0.00129913
1.925 0.00131982
1.935 0.00134179
1.945 0.00136508
1.955 0.00138971
1.965 0.00141571
1.975 0.0014431
1.985 0.00147192
1.995 0.00150218
2.005 0.00153393
2.015 0.00156707
2.025 0.00160116
2.035 0.00163564
2.045 0.00166994
2.055 0.0017035
2.065 0.00173577
2.075 0.00176619
2.085 0.00179419
2.095 0.00181922
2.105 0.00184071
2.115 0.00185825
2.125 0.00187192
2.135 0.00188197
2.145 0.00188862
2.155 0.00189211
2.165 0.00189267
2.175 0.00189054
2.185 0.00188594
2.195 0.00187911
2.205 0.00187027
2.215 0.00185968
2.225 0.00184755
2.235 0.00183412
2.245 0.00181961
2.255 0.00180428
2.265 0.00178834
2.275 0.00177203
2.285 0.00175558
2.295 0.00173923
2.305 0.0017232
2.315 0.00170773
2.325 0.00169306
2.335 0.00167941
2.345 0.00166702
2.355 0.00165611
2.365 0.00164693
2.375 0.00163971
2.385 0.00163467
2.395 0.00163206
2.405 0.0016321
2.415 0.00163493
2.425 0.00164037
2.435 0.00164811
2.445 0.00165786
2.455 0.00166935
2.465 0.00168227
2.475 0.00169634
2.485 0.00171127
2.495 0.00172676
2.505 0.00174254
2.515 0.00175835
2.525 0.00177413
2.535 0.00178987
2.545 0.00180555
2.555 0.00182114
2.565 0.00183664
2.575 0.00185202
2.585 0.00186727
2.595 0.00188237
2.605 0.00189731
2.615 0.00191206
2.625 0.00192662
2.635 0.00194095
2.645 0.00195505
2.655 0.00196889
2.665 0.00198247
2.675 0.00199575
2.685 0.00200874
2.695 0.0020214
2.705 0.00203372
2.715 0.00204568
2.725 0.00205727
2.735 0.00206847
2.745 0.00207926
2.755 0.00208963
2.765 0.00209955
2.775 0.00210901
2.785 0.002118
2.795 0.00212649
2.805 0.00213446
2.815 0.00214191
2.825 0.00214881
2.835 0.00215515
2.845 0.0021609
2.855 0.00216606
2.865 0.0021706
2.875 0.0021745
2.885 0.00217776
2.895 0.00218034
2.905 0.00218225
2.915 0.00218345
2.925 0.00218393
2.935 0.00218367
2.945 0.00218266
2.955 0.00218087
2.965 0.0021783
2.975 0.00217492
2.985 0.00217072
2.995 0.00216567
3.005 0.00215977
3.015 0.00215301
3.025 0.00214546
3.035 0.00213722
3.045 0.00212838
3.055 0.00211902
3.065 0.00210924
3.075 0.00209913
3.085 0.00208877
3.095 0.00207827
3.105 0.0020677
3.115 0.00205716
3.125 0.00204675
3.135 0.00203654
3.145 0.00202663
3.155 0.00201712
3.165 0.00200809
3.175 0.00199963
3.185 0.00199183
3.195 0.00198479
3.205 0.00197859
3.215 0.00197332
3.225 0.00196909
3.235 0.00196596
3.245 0.00196405
3.255 0.00196343
3.265 0.00196416
3.275 0.00196618
3.285 0.00196939
3.295 0.00197368
3.305 0.00197895
3.315 0.00198511
3.325 0.00199205
3.335 0.00199966
3.345 0.00200786
3.355 0.00201653
3.365 0.00202558
3.375 0.00203491
3.385 0.00204441
3.395 0.00205398
3.405 0.00206353
3.415 0.00207294
3.425 0.00208213
3.435 0.00209099
3.445 0.00209941
3.455 0.0021073
3.465 0.00211456
3.475 0.00212108
3.485 0.00212677
3.495 0.00213152
3.505 0.00213523
3.515 0.00213782
3.525 0.00213931
3.535 0.00213974
3.545 0.00213914
3.555 0.00213755
3.565 0.002135
3.575 0.00213154
3.585 0.0021272
3.595 0.00212202
3.605 0.00211604
3.615 0.00210928
3.625 0.0021018
3.635 0.00209363
3.645 0.0020848
3.655 0.00207535
3.665 0.00206532
3.675 0.00205474
3.685 0.00204366
3.695 0.00203211
3.705 0.00202013
3.715 0.00200776
3.725 0.00199502
3.735 0.00198197
3.745 0.00196863
3.755 0.00195504
3.765 0.00194125
3.775 0.00192729
3.785 0.00191319
3.795 0.00189899
3.805 0.00188474
3.815 0.00187046
3.825 0.00185619
3.835 0.00184198
3.845 0.00182786
3.855 0.00181386
3.865 0.00180003
3.875 0.0017864
3.885 0.001773
3.895 0.00175988
3.905 0.00174708
3.915 0.00173462
3.925 0.00172255
3.935 0.0017109
3.945 0.00169971
3.955 0.00168903
3.965 0.00167887
3.975 0.0016693
3.985 0.00166033
3.995 0.00165201
4.005 0.00164437
4.015 0.00163744
4.025 0.00163122
4.035 0.00162568
4.045 0.00162081
4.055 0.00161658
4.065 0.00161297
4.075 0.00160997
4.085 0.00160756
4.095 0.00160571
4.105 0.00160441
4.115 0.00160364
4.125 0.00160338
4.135 0.00160361
4.145 0.00160431
4.155 0.00160546
4.165 0.00160704
4.175 0.00160903
4.185 0.00161141
4.195 0.00161417
4.205 0.00161729
4.215 0.00162073
4.225 0.0016245
4.235 0.00162856
4.245 0.00163289
4.255 0.00163749
4.265 0.00164232
4.275 0.00164737
4.285 0.00165262
4.295 0.00165805
4.305 0.00166364
4.315 0.00166937
4.325 0.00167522
4.335 0.00168118
4.345 0.00168721
4.355 0.00169332
4.365 0.00169946
4.375 0.00170564
4.385 0.00171181
4.395 0.00171798
4.405 0.00172411
4.415 0.00173019
4.425 0.0017362
4.435 0.00174211
4.445 0.00174792
4.455 0.00175359
4.465 0.00175912
4.475 0.00176448
4.485 0.00176965
4.495 0.00177462
4.505 0.00177935
4.515 0.00178385
4.525 0.0017881
4.535 0.0017921
4.545 0.00179586
4.555 0.00179936
4.565 0.00180262
4.575 0.00180563
4.585 0.0018084
4.595 0.00181091
4.605 0.00181317
4.615 0.00181518
4.625 0.00181694
4.635 0.00181845
4.645 0.00181971
4.655 0.00182072
4.665 0.00182147
4.675 0.00182197
4.685 0.00182222
4.695 0.00182221
4.705 0.00182195
4.715 0.00182143
4.725 0.00182066
4.735 0.00181963
4.745 0.00181834
4.755 0.0018168
4.765 0.001815
4.775 0.00181295
4.785 0.00181063
4.795 0.00180806
4.805 0.00180523
4.815 0.00180213
4.825 0.00179878
4.835 0.00179517
4.845 0.0017913
4.855 0.00178716
4.865 0.00178276
4.875 0.0017781
4.885 0.00177318
4.895 0.001768
4.905 0.00176255
4.915 0.00175684
4.925 0.00175086
4.935 0.00174461
4.945 0.00173811
4.955 0.00173133
4.965 0.00172429
4.975 0.00171698
4.985 0.00170941
4.995 0.00170157
5.005 0.00169345
5.015 0.00168508
5.025 0.00167644
5.035 0.00166756
5.045 0.00165845
5.055 0.00164913
5.065 0.00163959
5.075 0.00162986
5.085 0.00161995
5.095 0.00160986
5.105 0.00159962
5.115 0.00158924
5.125 0.00157872
5.135 0.00156808
5.145 0.00155733
5.155 0.00154649
5.165 0.00153556
5.175 0.00152456
5.185 0.00151351
5.195 0.0015024
5.205 0.00149127
5.215 0.00148011
5.225 0.00146894
5.235 0.00145777
5.245 0.00144663
5.255 0.0014355
5.265 0.00142442
5.275 0.00141339
5.285 0.00140243
5.295 0.00139154
5.305 0.00138074
5.315 0.00137005
5.325 0.00135946
5.335 0.00134901
5.345 0.00133869
5.355 0.00132853
5.365 0.00131853
5.375 0.0013087
5.385 0.00129906
5.395 0.00128963
5.405 0.0012804
5.415 0.0012714
5.425 0.00126264
5.435 0.00125413
5.445 0.00124588
5.455 0.00123791
5.465 0.00123022
5.475 0.00122284
5.485 0.00121576
5.495 0.00120901
5.505 0.0012026
5.515 0.00119653
5.525 0.0011908
5.535 0.0011854
5.545 0.00118033
5.555 0.00117557
5.565 0.00117111
5.575 0.00116695
5.585 0.00116307
5.595 0.00115947
5.605 0.00115614
5.615 0.00115307
5.625 0.00115026
5.635 0.00114768
5.645 0.00114534
5.655 0.00114322
5.665 0.00114131
5.675 0.00113962
5.685 0.00113812
5.695 0.00113681
5.705 0.00113568
5.715 0.00113472
5.725 0.00113392
5.735 0.00113328
5.745 0.00113278
5.755 0.00113241
5.765 0.00113217
5.775 0.00113205
5.785 0.00113204
5.795 0.00113213
5.805 0.00113231
5.815 0.00113257
5.825 0.0011329
5.835 0.0011333
5.845 0.00113375
5.855 0.00113425
5.865 0.00113478
5.875 0.00113535
5.885 0.00113593
5.895 0.00113653
5.905 0.00113713
5.915 0.00113772
5.925 0.00113829
5.935 0.00113884
5.945 0.00113936
5.955 0.00113983
5.965 0.00114025
5.975 0.00114061
5.985 0.0011409
5.995 0.00114112
6.005 0.00114124
6.015 0.00114127
6.025 0.00114121
6.035 0.00114105
6.045 0.0011408
6.055 0.00114045
6.065 0.00114002
6.075 0.00113949
6.085 0.00113887
6.095 0.00113816
6.105 0.00113736
6.115 0.00113647
6.125 0.0011355
6.135 0.00113444
6.145 0.00113329
6.155 0.00113205
6.165 0.00113074
6.175 0.00112933
6.185 0.00112785
6.195 0.00112628
6.205 0.00112463
6.215 0.0011229
6.225 0.00112109
6.235 0.0011192
6.245 0.00111723
6.255 0.00111519
6.265 0.00111306
6.275 0.00111086
6.285 0.00110859
6.295 0.00110624
6.305 0.00110381
6.315 0.00110131
6.325 0.00109874
6.335 0.0010961
6.345 0.00109339
6.355 0.0010906
6.365 0.00108775
6.375 0.00108483
6.385 0.00108184
6.395 0.00107878
6.405 0.00107566
6.415 0.00107247
6.425 0.00106921
6.435 0.00106589
6.445 0.00106251
6.455 0.00105907
6.465 0.00105556
6.475 0.00105199
6.485 0.00104836
6.495 0.00104467
6.505 0.00104093
6.515 0.00103712
6.525 0.00103326
6.535 0.00102934
6.545 0.00102536
6.555 0.00102133
6.565 0.00101724
6.575 0.00101311
6.585 0.00100891
6.595 0.00100467
6.605 0.00100037
6.615 0.000996028
6.625 0.000991632
6.635 0.000987187
6.645 0.000982694
6.655 0.000978153
6.665 0.000973565
6.675 0.000968931
6.685 0.000964251
6.695 0.000959527
6.705 0.00095476
6.715 0.000949949
6.725 0.000945096
6.735 0.000940201
6.745 0.000935266
6.755 0.00093029
6.765 0.000925275
6.775 0.000920222
6.785 0.000915131
6.795 0.000910003
6.805 0.000904839
6.815 0.000899639
6.825 0.000894404
6.835 0.000889136
6.845 0.000883834
6.855 0.0008785
6.865 0.000873134
6.875 0.000867737
6.885 0.00086231
6.895 0.000856854
6.905 0.000851368
6.915 0.000845855
6.925 0.000840315
6.935 0.000834748
6.945 0.000829156
6.955 0.000823539
6.965 0.000817897
6.975 0.000812233
6.985 0.000806545
6.995 0.000800836
7.005 0.000795106
7.015 0.000789355
7.025 0.000783585
7.035 0.000777796
7.045 0.000771988
7.055 0.000766164
7.065 0.000760323
7.075 0.000754466
7.085 0.000748594
7.095 0.000742707
7.105 0.000736808
7.115 0.000730895
7.125 0.00072497
7.135 0.000719034
7.145 0.000713088
7.155 0.000707132
7.165 0.000701167
7.175 0.000695193
7.185 0.000689212
7.195 0.000683225
7.205 0.000677231
7.215 0.000671232
7.225 0.000665229
7.235 0.000659222
7.245 0.000653212
7.255 0.0006472
7.265 0.000641186
7.275 0.000635172
7.285 0.000629158
7.295 0.000623145
7.305 0.000617133
7.315 0.000611124
7.325 0.000605117
7.335 0.000599115
7.345 0.000593117
7.355 0.000587125
7.365 0.000581139
7.375 0.000575159
7.385 0.000569188
7.395 0.000563224
7.405 0.00055727
7.415 0.000551326
7.425 0.000545393
7.435 0.000539471
7.445 0.000533561
7.455 0.000527664
7.465 0.000521781
7.475 0.000515912
7.485 0.000510058
7.495 0.000504221
7.505 0.0004984
7.515 0.000492597
7.525 0.000486812
7.535 0.000481046
7.545 0.000475299
7.555 0.000469574
7.565 0.000463869
7.575 0.000458187
7.585 0.000452527
7.595 0.000446891
7.605 0.000441279
7.615 0.000435693
7.625 0.000430132
7.635 0.000424597
7.645 0.00041909
7.655 0.000413611
7.665 0.000408161
7.675 0.000402741
7.685 0.000397351
7.695 0.000391992
7.705 0.000386665
7.715 0.00038137
7.725 0.000376109
7.735 0.000370882
7.745 0.00036569
7.755 0.000360534
7.765 0.000355414
7.775 0.000350331
7.785 0.000345286
7.795 0.00034028
7.805 0.000335313
7.815 0.000330387
7.825 0.000325501
7.835 0.000320657
7.845 0.000315856
7.855 0.000311098
7.865 0.000306384
7.875 0.000301714
7.885 0.000297091
7.895 0.000292513
7.905 0.000287982
7.915 0.000283499
7.925 0.000279065
7.935 0.00027468
7.945 0.000270345
7.955 0.000266061
7.965 0.000261828
7.975 0.000257648
7.985 0.000253521
7.995 0.000249447
8.005 0.000245428
8.015 0.000241465
8.025 0.000237556
8.035 0.000233702
8.045 0.000229902
8.055 0.000226156
8.065 0.000222464
8.075 0.000218825
8.085 0.00021524
8.095 0.000211706
8.105 0.000208225
8.115 0.000204796
8.125 0.000201419
8.135 0.000198092
8.145 0.000194817
8.155 0.000191592
8.165 0.000188418
8.175 0.000185293
8.185 0.000182218
8.195 0.000179192
8.205 0.000176215
8.215 0.000173286
8.225 0.000170405
8.235 0.000167573
8.245 0.000164788
8.255 0.000162049
8.265 0.000159358
8.275 0.000156713
8.285 0.000154115
8.295 0.000151562
8.305 0.000149054
8.315 0.000146592
8.325 0.000144174
8.335 0.000141801
8.345 0.000139472
8.355 0.000137186
8.365 0.000134944
8.375 0.000132745
8.385 0.000130588
8.395 0.000128474
8.405 0.000126402
8.415 0.000124372
8.425 0.000122383
8.435 0.000120435
8.445 0.000118527
8.455 0.00011666
8.465 0.000114833
8.475 0.000113046
8.485 0.000111297
8.495 0.000109588
8.505 0.000107917
8.515 0.000106285
8.525 0.00010469
8.535 0.000103133
8.545 0.000101613
8.555 0.00010013
8.565 9.86839e-05
8.575 9.72737e-05
8.585 9.58993e-05
8.595 9.45605e-05
8.605 9.32568e-05
8.615 9.1988e-05
8.625 9.07537e-05
8.635 8.95535e-05
8.645 8.83871e-05
8.655 8.72541e-05
8.665 8.61543e-05
8.675 8.50873e-05
8.685 8.40527e-05
8.695 8.30502e-05
8.705 8.20794e-05
8.715 8.11401e-05
8.725 8.02318e-05
8.735 7.93542e-05
8.745 7.85071e-05
8.755 7.76899e-05
8.765 7.69025e-05
8.775 7.61445e-05
8.785 7.54154e-05
8.795 7.47151e-05
8.805 7.4043e-05
8.815 7.3399e-05
8.825 7.27826e-05
8.835 7.21935e-05
8.845 7.16314e-05
8.855 7.10959e-05
8.865 7.05867e-05
8.875 7.01034e-05
8.885 6.96458e-05
8.895 6.92134e-05
8.905 6.88059e-05
8.915 6.84229e-05
8.925 6.80643e-05
8.935 6.77295e-05
8.945 6.74182e-05
8.955 6.71301e-05
8.965 6.6865e-05
8.975 6.66223e-05
8.985 6.64018e-05
8.995 6.62032e-05
9.005 6.6026e-05
9.015 6.587e-05
9.025 6.57349e-05
9.035 6.56202e-05
9.045 6.55256e-05
9.055 6.54508e-05
9.065 6.53954e-05
9.075 6.53592e-05
9.085 6.53417e-05
9.095 6.53427e-05
9.105 6.53617e-05
9.115 6.53984e-05
9.125 6.54526e-05
9.135 6.55238e-05
9.145 6.56117e-05
9.155 6.5716e-05
9.165 6.58363e-05
9.175 6.59723e-05
9.185 6.61236e-05
9.195 6.62899e-05
9.205 6.64709e-05
9.215 6.66663e-05
9.225 6.68755e-05
9.235 6.70985e-05
9.245 6.73347e-05
9.255 6.75838e-05
9.265 6.78456e-05
9.275 6.81197e-05
9.285 6.84056e-05
9.295 6.87032e-05
9.305 6.90119e-05
9.315 6.93316e-05
9.325 6.96619e-05
9.335 7.00023e-05
9.345 7.03527e-05
9.355 7.07125e-05
9.365 7.10816e-05
9.375 7.14595e-05
9.385 7.18459e-05
9.395 7.22404e-05
9.405 7.26428e-05
9.415 7.30527e-05
9.425 7.34697e-05
9.435 7.38935e-05
9.445 7.43238e-05
9.455 7.47602e-05
9.465 7.52023e-05
9.475 7.56499e-05
9.485 7.61025e-05
9.495 7.65599e-05
9.505 7.70217e-05
9.515 7.74876e-05
9.525 7.79572e-05
9.535 7.84302e-05
9.545 7.89062e-05
9.555 7.93849e-05
9.565 7.98659e-05
9.575 8.0349e-05
9.585 8.08337e-05
9.595 8.13198e-05
9.605 8.18068e-05
9.615 8.22945e-05
9.625 8.27825e-05
9.635 8.32704e-05
9.645 8.3758e-05
9.655 8.42448e-05
9.665 8.47306e-05
9.675 8.52149e-05
9.685 8.56975e-05
9.695 8.61781e-05
9.705 8.66561e-05
9.715 8.71315e-05
9.725 8.76036e-05
9.735 8.80724e-05
9.745 8.85373e-05
9.755 8.89981e-05
9.765 8.94544e-05
9.775 8.99059e-05
9.785 9.03522e-05
9.795 9.0793e-05
9.805 9.12279e-05
9.815 9.16567e-05
9.825 9.20789e-05
9.835 9.24942e-05
9.845 9.29023e-05
9.855 9.33029e-05
9.865 9.36955e-05
9.875 9.40799e-05
9.885 9.44558e-05
9.895 9.48227e-05
9.905 9.51803e-05
9.915 9.55283e-05
9.925 9.58663e-05
9.935 9.61941e-05
9.945 9.65112e-05
9.955 9.68173e-05
9.965 9.71121e-05
9.975 9.73953e-05
9.985 9.76664e-05
9.995 9.79252e-05
10.005 9.81713e-05
10.015 9.84044e-05
10.025 9.86241e-05
10.035 9.883e-05
10.045 9.9022e-05
10.055 9.91995e-05
10.065 9.93623e-05
10.075 9.951e-05
10.085 9.96423e-05
10.095 9.97588e-05
10.105 9.98592e-05
10.115 9.99431e-05
10.125 0.00010001
10.135 0.00010006
10.145 0.000100093
10.155 0.000100108
10.165 0.000100104
10.175 0.000100082
10.185 0.000100041
10.195 9.99815e-05
10.205 9.9902e-05
10.215 9.98027e-05
10.225 9.96831e-05
10.235 9.9543e-05
10.245 9.9382e-05
10.255 9.91997e-05
10.265 9.89959e-05
10.275 9.87701e-05
10.285 9.85221e-05
10.295 9.82515e-05
10.305 9.7958e-05
10.315 9.76411e-05
10.325 9.73006e-05
10.335 9.69362e-05
10.345 9.65474e-05
10.355 9.6134e-05
10.365 9.56956e-05
10.375 9.52319e-05
10.385 9.47424e-05
10.395 9.4227e-05
10.405 9.36852e-05
10.415 9.31166e-05
10.425 9.25211e-05
10.435 9.18981e-05
10.445 9.12474e-05
10.455 9.05686e-05
10.465 8.98615e-05
10.475 8.91255e-05
10.485 8.83605e-05
10.495 8.7566e-05
10.505 8.67417e-05
10.515 8.58873e-05
10.525 8.50025e-05
10.535 8.40868e-05
10.545 8.314e-05
10.555 8.21617e-05
10.565 8.11515e-05
10.575 8.01092e-05
10.585 7.90344e-05
10.595 7.79267e-05
10.605 7.67858e-05
10.615 7.56114e-05
10.625 7.4403e-05
10.635 7.31605e-05
10.645 7.18834e-05
10.655 7.05713e-05
10.665 6.92241e-05
10.675 6.78412e-05
10.685 6.64223e-05
10.695 6.49673e-05
10.705 6.34755e-05
10.715 6.19469e-05
10.725 6.03809e-05
10.735 5.87773e-05
10.745 5.71356e-05
10.755 5.54557e-05
10.765 5.37371e-05
10.775 5.19794e-05
10.785 5.01825e-05
10.795 4.83458e-05
10.805 4.64691e-05
10.815 4.4552e-05
10.825 4.25941e-05
10.835 4.05952e-05
10.845 3.8555e-05
10.855 3.64729e-05
10.865 3.43488e-05
10.875 3.21822e-05
10.885 2.99729e-05
10.895 2.77204e-05
10.905 2.54245e-05
10.915 2.30848e-05
10.925 2.07009e-05
10.935 1.82726e-05
10.945 1.57994e-05
10.955 1.32811e-05
10.965 1.07173e-05
10.975 8.10759e-06
10.985 5.4517e-06
10.995 2.74929e-06
