unit: MeV
spectrum:
5 6.37054e-09
15 1.37989e-10
25 8.17166e-11
35 6.29838e-11
45 7.05571e-11
55 5.74808e-11
65 3.92622e-11
75 3.14084e-11
85 2.60256e-11
95 2.07364e-11
105 1.77578e-11
115 1.50865e-11
125 1.32699e-11
135 1.16604e-11
145 1.03515e-11
155 9.93075e-12
165 8.04077e-12
175 7.47978e-12
185 6.87873e-12
195 5.89033e-12
205 5.4963e-12
215 5.33602e-12
225 4.81511e-12
235 4.3543e-12
245 4.13391e-12
255 3.41933e-12
265 3.38594e-12
275 3.19894e-12
285 3.17223e-12
295 2.7181e-12
305 2.49771e-12
315 2.51107e-12
325 2.25729e-12
335 2.05026e-12
345 2.16379e-12
355 1.64288e-12
365 1.70299e-12
375 1.52935e-12
385 1.52267e-12
395 1.40914e-12
405 1.34235e-12
415 1.35571e-12
425 1.26221e-12
435 1.24218e-12
445 1.0819e-12
455 1.02179e-12
465 9.21616e-13
475 9.4833e-13
485 9.4833e-13
495 7.8137e-13
505 8.81546e-13
515 7.27943e-13
525 6.61159e-13
535 6.67838e-13
545 6.81194e-13
555 6.14411e-13
565 5.60984e-13
575 7.21265e-13
585 4.5413e-13
595 5.54305e-13
605 4.34094e-13
615 4.74165e-13
625 4.27416e-13
635 4.27416e-13
645 4.20738e-13
655 3.07205e-13
665 3.73989e-13
675 3.47276e-13
685 3.2724e-13
695 2.80492e-13
705 4.00703e-13
715 3.67311e-13
725 3.40597e-13
735 3.87346e-13
745 2.00351e-13
755 2.53778e-13
765 3.94024e-13
775 2.0703e-13
785 2.13708e-13
795 2.8717e-13
805 2.471e-13
815 1.80316e-13
825 2.27065e-13
835 2.60457e-13
845 2.13708e-13
855 1.66959e-13
865 1.80316e-13
875 1.73638e-13
885 2.40422e-13
895 1.53603e-13
905 1.26889e-13
915 1.53603e-13
925 1.46924e-13
935 1.13532e-13
945 1.66959e-13
955 1.53603e-13
965 1.53603e-13
975 1.26889e-13
985 1.46924e-13
995 1.53603e-13
1005 8.01405e-14
1015 1.53603e-13
1025 1.46924e-13
1035 1.26889e-13
1045 1.13532e-13
1055 1.20211e-13
1065 1.53603e-13
1075 1.13532e-13
1085 7.34621e-14
1095 1.00176e-13
1105 1.13532e-13
1115 7.34621e-14
1125 6.67838e-14
1135 1.06854e-13
1145 8.01405e-14
1155 1.26889e-13
1165 9.34973e-14
1175 7.34621e-14
1185 1.00176e-13
1195 8.01405e-14
1205 8.01405e-14
1215 6.67838e-14
1225 8.01405e-14
1235 1.00176e-13
1245 8.68189e-14
1255 4.67486e-14
1265 6.67838e-14
1275 7.34621e-14
1285 1.00176e-13
1295 8.68189e-14
1305 6.67838e-14
1315 5.3427e-14
1325 7.34621e-14
1335 4.00703e-14
1345 7.34621e-14
1355 7.34621e-14
1365 8.01405e-14
1375 2.67135e-14
1385 9.34973e-14
1395 4.67486e-14
1405 6.67838e-14
1415 3.33919e-14
1425 3.33919e-14
1435 6.67838e-15
1445 4.67486e-14
1455 2.67135e-14
1465 4.67486e-14
1475 2.67135e-14
1485 4.67486e-14
1495 4.67486e-14
1505 2.00351e-14
1515 4.00703e-14
1525 3.33919e-14
1535 1.33568e-14
1545 4.67486e-14
1555 6.67838e-14
1565 2.67135e-14
1575 6.67838e-15
1585 3.33919e-14
1595 4.00703e-14
1605 5.3427e-14
1615 4.67486e-14
1625 2.67135e-14
1635 6.67838e-15
1645 4.67486e-14
1655 4.00703e-14
1665 2.67135e-14
1675 4.67486e-14
1685 2.00351e-14
1695 4.67486e-14
1705 4.67486e-14
1715 2.67135e-14
1725 3.33919e-14
1735 3.33919e-14
1745 2.67135e-14
1755 2.00351e-14
1765 4.67486e-14
1775 4.67486e-14
1785 2.67135e-14
1795 2.00351e-14
1805 4.00703e-14
1815 4.67486e-14
1825 5.3427e-14
1835 6.67838e-15
1845 2.00351e-14
1855 4.00703e-14
1865 4.00703e-14
1875 1.33568e-14
1885 4.67486e-14
1895 4.00703e-14
1905 4.00703e-14
1915 4.00703e-14
1925 3.33919e-14
1935 4.67486e-14
1945 2.67135e-14
1955 1.33568e-14
1965 1.33568e-14
1975 4.00703e-14
1985 4.67486e-14
1995 1.33568e-14
2005 2.67135e-14
2015 1.33568e-14
2025 1.33568e-14
2035 2.67135e-14
2045 2.00351e-14
2055 1.33568e-14
2065 6.67838e-15
2075 3.33919e-14
2085 1.33568e-14
2095 2.67135e-14
2105 0
2115 4.00703e-14
2125 1.33568e-14
2135 2.00351e-14
2145 2.00351e-14
2155 2.00351e-14
2165 1.33568e-14
2175 4.00703e-14
2185 2.67135e-14
2195 6.67838e-15
2205 2.67135e-14
2215 2.00351e-14
2225 2.00351e-14
2235 1.33568e-14
2245 2.67135e-14
2255 2.00351e-14
2265 3.33919e-14
2275 2.67135e-14
2285 2.00351e-14
2295 2.00351e-14
2305 1.33568e-14
2315 0
2325 0
2335 6.67838e-15
2345 6.67838e-15
2355 2.00351e-14
2365 1.33568e-14
2375 6.67838e-15
2385 1.33568e-14
2395 2.00351e-14
2405 1.33568e-14
2415 2.00351e-14
2425 2.00351e-14
2435 1.33568e-14
2445 1.33568e-14
2455 6.67838e-15
2465 6.67838e-15
2475 2.67135e-14
2485 0
2495 2.00351e-14
2505 2.67135e-14
2515 0
2525 1.33568e-14
2535 2.00351e-14
2545 6.67838e-15
2555 2.67135e-14
2565 1.33568e-14
2575 2.00351e-14
2585 6.67838e-15
2595 0
2605 6.67838e-15
2615 0
2625 2.00351e-14
2635 0
2645 0
2655 1.33568e-14
2665 1.33568e-14
2675 2.00351e-14
2685 0
2695 2.00351e-14
2705 0
2715 1.33568e-14
2725 6.67838e-15
2735 0
2745 0
2755 2.00351e-14
2765 2.67135e-14
2775 0
2785 0
2795 0
2805 1.33568e-14
2815 1.33568e-14
2825 1.33568e-14
2835 1.33568e-14
2845 6.67838e-15
2855 0
2865 1.33568e-14
2875 0
2885 1.33568e-14
2895 1.33568e-14
2905 1.33568e-14
2915 1.33568e-14
2925 2.67135e-14
2935 1.33568e-14
2945 6.67838e-15
2955 6.67838e-15
2965 6.67838e-15
2975 2.00351e-14
2985 6.67838e-15
2995 2.00351e-14
3005 6.67838e-15
3015 1.33568e-14
3025 6.67838e-15
3035 6.67838e-15
3045 1.33568e-14
3055 2.00351e-14
3065 6.67838e-15
3075 0
3085 0
3095 2.00351e-14
3105 6.67838e-15
3115 1.33568e-14
3125 0
3135 0
3145 0
3155 0
3165 1.33568e-14
3175 0
3185 6.67838e-15
3195 1.33568e-14
3205 0
3215 0
3225 6.67838e-15
3235 6.67838e-15
3245 6.67838e-15
3255 0
3265 0
3275 6.67838e-15
3285 0
3295 6.67838e-15
3305 0
3315 0
3325 2.00351e-14
3335 0
3345 6.67838e-15
3355 6.67838e-15
3365 0
3375 6.67838e-15
3385 6.67838e-15
3395 0
3405 0
3415 0
3425 6.67838e-15
3435 0
3445 6.67838e-15
3455 2.00351e-14
3465 1.33568e-14
3475 6.67838e-15
3485 0
3495 6.67838e-15
3505 6.67838e-15
3515 6.67838e-15
3525 6.67838e-15
3535 2.00351e-14
3545 0
3555 0
3565 2.00351e-14
3575 0
3585 1.33568e-14
3595 1.33568e-14
3605 6.67838e-15
3615 6.67838e-15
3625 0
3635 0
3645 6.67838e-15
3655 6.67838e-15
3665 2.00351e-14
3675 0
3685 0
3695 0
3705 0
3715 6.67838e-15
3725 0
3735 1.33568e-14
3745 1.33568e-14
3755 0
3765 0
3775 6.67838e-15
3785 0
3795 1.33568e-14
3805 0
3815 6.67838e-15
3825 6.67838e-15
3835 6.67838e-15
3845 0
3855 6.67838e-15
3865 0
3875 0
3885 2.00351e-14
3895 6.67838e-15
3905 0
3915 1.33568e-14
3925 0
3935 6.67838e-15
3945 0
3955 1.33568e-14
3965 0
3975 6.67838e-15
3985 6.67838e-15
3995 6.67838e-15
4005 6.67838e-15
4015 6.67838e-15
4025 1.33568e-14
4035 0
4045 6.67838e-15
4055 0
4065 1.33568e-14
4075 6.67838e-15
4085 0
4095 6.67838e-15
4105 6.67838e-15
4115 0
4125 0
4135 0
4145 6.67838e-15
4155 0
4165 1.33568e-14
4175 0
4185 6.67838e-15
4195 0
4205 0
4215 0
4225 0
4235 0
4245 0
4255 0
4265 6.67838e-15
4275 0
4285 0
4295 6.67838e-15
4305 0
4315 0
4325 0
4335 0
4345 6.67838e-15
4355 6.67838e-15
4365 6.67838e-15
4375 0
4385 6.67838e-15
4395 0
4405 6.67838e-15
4415 6.67838e-15
4425 0
4435 6.67838e-15
4445 6.67838e-15
4455 0
4465 6.67838e-15
4475 6.67838e-15
4485 0
4495 1.33568e-14
4505 0
4515 0
4525 0
4535 6.67838e-15
4545 6.67838e-15
4555 0
4565 0
4575 0
4585 0
4595 1.33568e-14
4605 0
4615 6.67838e-15
4625 0
4635 0
4645 1.33568e-14
4655 6.67838e-15
4665 0
4675 0
4685 6.67838e-15
4695 0
4705 0
4715 0
4725 0
4735 6.67838e-15
4745 1.33568e-14
4755 6.67838e-15
4765 2.00351e-14
4775 6.67838e-15
4785 0
4795 0
4805 0
4815 6.67838e-15
4825 0
4835 0
4845 0
4855 6.67838e-15
4865 0
4875 0
4885 0
4895 0
4905 0
4915 0
4925 0
4935 0
4945 0
4955 6.67838e-15
4965 6.67838e-15
4975 6.67838e-15
4985 0
4995 2.67135e-14
5005 0
5015 6.67838e-15
5025 6.67838e-15
5035 6.67838e-15
5045 6.67838e-15
5055 0
5065 0
5075 0
5085 0
5095 0
5105 6.67838e-15
5115 6.67838e-15
5125 0
5135 6.67838e-15
5145 0
5155 6.67838e-15
5165 0
5175 6.67838e-15
5185 0
5195 6.67838e-15
5205 0
5215 6.67838e-15
5225 0
5235 0
5245 0
5255 0
5265 0
5275 1.33568e-14
5285 1.33568e-14
5295 0
5305 0
5315 0
5325 6.67838e-15
5335 6.67838e-15
5345 0
5355 6.67838e-15
5365 0
5375 0
5385 0
5395 0
5405 0
5415 0
5425 0
5435 0
5445 0
5455 6.67838e-15
5465 6.67838e-15
5475 0
5485 6.67838e-15
5495 0
5505 0
5515 0
5525 6.67838e-15
5535 0
5545 0
5555 0
5565 0
5575 0
5585 0
5595 0
5605 0
5615 0
5625 0
5635 0
5645 0
5655 0
5665 0
5675 0
5685 0
5695 0
5705 0
5715 6.67838e-15
5725 0
5735 1.33568e-14
5745 0
5755 0
5765 0
5775 0
5785 0
5795 0
5805 0
5815 0
5825 0
5835 0
5845 0
5855 0
5865 0
5875 0
5885 1.33568e-14
5895 0
5905 0
5915 0
5925 0
5935 0
5945 0
5955 0
5965 0
5975 6.67838e-15
5985 6.67838e-15
5995 0
6005 0
6015 0
6025 0
6035 0
6045 0
6055 0
6065 0
6075 0
6085 0
6095 0
6105 0
6115 0
6125 0
6135 0
6145 6.67838e-15
6155 0
6165 0
6175 1.33568e-14
6185 0
6195 0
6205 0
6215 0
6225 0
6235 0
6245 0
6255 1.33568e-14
6265 0
6275 0
6285 0
6295 0
6305 0
6315 0
6325 0
6335 0
6345 0
6355 0
6365 0
6375 0
6385 0
6395 0
6405 0
6415 0
6425 0
6435 0
6445 0
6455 0
6465 6.67838e-15
6475 6.67838e-15
6485 6.67838e-15
6495 0
6505 0
6515 0
6525 1.33568e-14
6535 0
6545 6.67838e-15
6555 6.67838e-15
6565 0
6575 0
6585 0
6595 0
6605 0
6615 0
6625 6.67838e-15
6635 0
6645 0
6655 0
6665 0
6675 0
6685 0
6695 0
6705 0
6715 0
6725 0
6735 0
6745 0
6755 0
6765 0
6775 6.67838e-15
6785 0
6795 6.67838e-15
6805 0
6815 0
6825 0
6835 6.67838e-15
6845 0
6855 0
6865 6.67838e-15
6875 0
6885 0
6895 0
6905 6.67838e-15
6915 0
6925 0
6935 0
6945 0
6955 0
6965 6.67838e-15
6975 0
6985 0
6995 0
7005 0
7015 0
7025 6.67838e-15
7035 6.67838e-15
7045 0
7055 0
7065 0
7075 0
7085 0
7095 6.67838e-15
7105 0
7115 0
7125 0
7135 6.67838e-15
7145 0
7155 0
7165 6.67838e-15
7175 0
7185 0
7195 0
7205 0
7215 0
7225 0
7235 0
7245 0
7255 0
7265 0
7275 0
7285 0
7295 6.67838e-15
7305 6.67838e-15
7315 0
7325 0
7335 0
7345 0
7355 0
7365 0
7375 6.67838e-15
7385 0
7395 0
7405 0
7415 0
7425 0
7435 0
7445 6.67838e-15
7455 6.67838e-15
7465 0
7475 0
7485 0
7495 0
7505 0
7515 0
7525 0
7535 0
7545 6.67838e-15
7555 0
7565 0
7575 0
7585 0
7595 0
7605 0
7615 0
7625 6.67838e-15
7635 0
7645 0
7655 0
7665 0
7675 6.67838e-15
7685 0
7695 0
7705 0
7715 0
7725 6.67838e-15
7735 0
7745 0
7755 0
7765 0
7775 0
7785 0
7795 0
7805 0
7815 0
7825 0
7835 0
7845 0
7855 0
7865 6.67838e-15
7875 0
7885 0
7895 0
7905 0
7915 0
7925 0
7935 0
7945 0
7955 0
7965 0
7975 0
7985 0
7995 0
8005 0
8015 0
8025 0
8035 0
8045 0
8055 0
8065 0
8075 0
8085 0
8095 0
8105 0
8115 0
8125 0
8135 0
8145 0
8155 0
8165 0
8175 0
8185 0
8195 0
8205 0
8215 0
8225 0
8235 0
8245 0
8255 0
8265 0
8275 0
8285 0
8295 0
8305 0
8315 0
8325 0
8335 0
8345 0
8355 0
8365 0
8375 0
8385 0
8395 0
8405 0
8415 0
8425 0
8435 0
8445 0
8455 0
8465 0
8475 0
8485 0
8495 0
8505 6.67838e-15
8515 0
8525 0
8535 0
8545 6.67838e-15
8555 0
8565 0
8575 0
8585 0
8595 0
8605 0
8615 0
8625 6.67838e-15
8635 0
8645 0
8655 0
8665 0
8675 0
8685 0
8695 0
8705 0
8715 0
8725 0
8735 0
8745 0
8755 0
8765 0
8775 0
8785 0
8795 0
8805 0
8815 0
8825 0
8835 0
8845 0
8855 0
8865 0
8875 0
8885 0
8895 0
8905 0
8915 0
8925 0
8935 0
8945 0
8955 0
8965 0
8975 0
8985 0
8995 0
9005 0
9015 0
9025 0
9035 0
9045 0
9055 6.67838e-15
9065 0
9075 0
9085 0
9095 0
9105 0
9115 0
9125 0
9135 0
9145 0
9155 0
9165 0
9175 0
9185 0
9195 0
9205 0
9215 0
9225 0
9235 6.67838e-15
9245 0
9255 0
9265 0
9275 0
9285 0
9295 0
9305 0
9315 0
9325 6.67838e-15
9335 0
9345 0
9355 0
9365 0
9375 0
9385 0
9395 0
9405 0
9415 0
9425 0
9435 0
9445 0
9455 1.33568e-14
9465 0
9475 0
9485 0
9495 0
9505 0
9515 0
9525 0
9535 0
9545 0
9555 0
9565 0
9575 0
9585 0
9595 0
9605 0
9615 0
9625 0
9635 0
9645 0
9655 0
9665 0
9675 0
9685 0
9695 0
9705 0
9715 0
9725 0
9735 0
9745 6.67838e-15
9755 0
9765 0
9775 0
9785 0
9795 0
9805 0
9815 0
9825 0
9835 0
9845 0
9855 0
9865 0
9875 0
9885 6.67838e-15
9895 0
9905 0
9915 0
9925 0
9935 0
9945 0
9955 0
9965 0
9975 0
9985 0
9995 0
